*** Calibrating ***
mono pinhole calibration...
D = [0.1259624915999305, -0.306211918775237, -0.002036527278608639, -0.0012662177600831076, 0.0]
K = [952.0544893669992, 0, 632.3193835596912, 0.0, 956.67224816528215, 353.93857708727245, 0.0, 0.0, 1.0]
R = [1.0, 0.0, 0.0, 0.0, 1.0, 0.0, 0.0, 0.0, 1.0]
P = [944.8249511717875, 0.0, 628.6176747673162, 0.0, 0.0, 968.07373046875, 352.41792361114655, 0.0, 0.0, 0.0, 1.0, 0.0]
None
# OST version 5.0 parameters

[Image]
width
1280
height
720

[narrow_stereo]
camera matrix
952.054489 0.000000 632.319384
0.000000 956.672285 353.938577
0.000000 0.000000 1.000000

distortion
0.125969 -0.306212 -0.002037 -0.001266 0.000000

rectification
1.000000 0.000000 0.000000
0.000000 1.000000 0.000000
0.000000 0.000000 1.000000

projection
944.824951 0.000000 628.617675 0.000000
0.000000 968.073730 352.417924 0.000000
0.000000 0.000000 1.000000 0.000000
